01 , 08 , 13 , 43 , 46 , 48
10 , 17 , 28 , 29 , 43 , 47
14 , 22 , 32 , 33 , 34 , 49
01 , 04 , 12 , 25 , 34 , 37
08 , 12 , 13 , 15 , 16 , 30
08 , 10 , 11 , 17 , 28 , 42
02 , 09 , 18 , 27 , 46 , 48
01 , 02 , 08 , 44 , 47 , 48
13 , 15 , 27 , 34 , 35 , 39
04 , 13 , 31 , 35 , 37 , 42
07 , 13 , 23 , 33 , 35 , 36
09 , 22 , 23 , 37 , 43 , 46
05 , 15 , 19 , 22 , 30 , 42
03 , 23 , 27 , 28 , 37 , 48
03 , 16 , 17 , 30 , 33 , 37
02 , 10 , 12 , 20 , 26 , 34
14 , 16 , 19 , 28 , 32 , 49
06 , 24 , 35 , 41 , 46 , 49
01 , 04 , 09 , 14 , 15 , 49
02 , 03 , 13 , 20 , 28 , 38
09 , 12 , 23 , 33 , 39 , 45
03 , 28 , 29 , 35 , 41 , 47
05 , 13 , 16 , 31 , 41 , 45
07 , 13 , 18 , 21 , 38 , 44
13 , 18 , 23 , 30 , 44 , 48
17 , 22 , 30 , 38 , 44 , 48
07 , 09 , 20 , 42 , 44 , 45
07 , 20 , 34 , 37 , 38 , 47
04 , 07 , 12 , 17 , 33 , 38
01 , 05 , 08 , 15 , 16 , 38
16 , 18 , 19 , 29 , 30 , 47
10 , 14 , 26 , 38 , 39 , 47
17 , 18 , 25 , 32 , 43 , 45
09 , 18 , 31 , 45 , 48 , 49
16 , 21 , 22 , 28 , 32 , 46
09 , 21 , 27 , 31 , 38 , 49
07 , 12 , 26 , 31 , 37 , 49
03 , 08 , 18 , 19 , 41 , 48
16 , 18 , 22 , 23 , 24 , 41
05 , 09 , 11 , 15 , 36 , 45
10 , 21 , 24 , 30 , 35 , 45
08 , 10 , 15 , 19 , 36 , 45
03 , 18 , 23 , 24 , 26 , 49
05 , 15 , 30 , 35 , 38 , 47
03 , 06 , 11 , 16 , 26 , 44
01 , 19 , 25 , 27 , 31 , 40
01 , 03 , 09 , 26 , 40 , 47
09 , 13 , 22 , 37 , 40 , 42
12 , 15 , 23 , 33 , 41 , 42
03 , 10 , 12 , 22 , 36 , 41
03 , 08 , 14 , 16 , 26 , 36
06 , 17 , 22 , 23 , 32 , 42
03 , 23 , 32 , 36 , 39 , 40
13 , 21 , 28 , 35 , 37 , 38
07 , 12 , 17 , 21 , 30 , 37
07 , 13 , 18 , 21 , 26 , 34
10 , 21 , 23 , 33 , 42 , 48
02 , 09 , 12 , 15 , 20 , 49
10 , 21 , 25 , 26 , 35 , 37
02 , 16 , 18 , 20 , 22 , 39
08 , 17 , 23 , 24 , 31 , 34
12 , 18 , 29 , 40 , 41 , 48
02 , 07 , 15 , 27 , 37 , 39
03 , 12 , 17 , 20 , 29 , 38
02 , 14 , 19 , 20 , 26 , 43
11 , 13 , 25 , 32 , 33 , 48
06 , 26 , 35 , 42 , 44 , 48
01 , 04 , 08 , 10 , 45 , 47
05 , 17 , 19 , 21 , 42 , 43
01 , 16 , 19 , 27 , 35 , 42
07 , 08 , 31 , 33 , 41 , 45
05 , 21 , 25 , 32 , 36 , 41
04 , 13 , 18 , 26 , 41 , 48
01 , 10 , 20 , 37 , 38 , 49
05 , 34 , 42 , 46 , 48 , 49
04 , 12 , 21 , 24 , 33 , 35
04 , 11 , 36 , 40 , 41 , 48
12 , 14 , 35 , 37 , 42 , 47
12 , 17 , 26 , 33 , 35 , 39
15 , 30 , 31 , 37 , 39 , 48
12 , 14 , 18 , 19 , 37 , 47
11 , 17 , 20 , 34 , 37 , 41
11 , 17 , 32 , 33 , 38 , 46
02 , 04 , 11 , 33 , 39 , 42
09 , 13 , 15 , 26 , 31 , 33
08 , 20 , 31 , 36 , 38 , 45
07 , 12 , 26 , 30 , 31 , 32
05 , 16 , 27 , 29 , 33 , 45
06 , 10 , 12 , 22 , 24 , 37
06 , 31 , 32 , 39 , 40 , 42
18 , 22 , 26 , 27 , 30 , 38
05 , 06 , 19 , 23 , 43 , 48
08 , 15 , 21 , 31 , 36 , 46
03 , 11 , 22 , 36 , 38 , 40
12 , 13 , 19 , 21 , 29 , 39
07 , 10 , 18 , 32 , 41 , 46
02 , 07 , 12 , 21 , 23 , 45
09 , 15 , 27 , 28 , 40 , 43
11 , 17 , 27 , 31 , 33 , 37
02 , 14 , 23 , 29 , 35 , 43
06 , 07 , 19 , 31 , 32 , 40
01 , 04 , 19 , 24 , 47 , 49
08 , 24 , 29 , 37 , 44 , 48
08 , 14 , 16 , 18 , 30 , 35
04 , 11 , 24 , 29 , 32 , 45
01 , 14 , 23 , 36 , 39 , 41
12 , 26 , 32 , 34 , 45 , 46
10 , 36 , 37 , 44 , 45 , 46
11 , 28 , 29 , 38 , 43 , 49
05 , 28 , 38 , 40 , 41 , 47
01 , 03 , 12 , 16 , 29 , 49
06 , 13 , 14 , 19 , 24 , 38
01 , 12 , 16 , 37 , 41 , 47
07 , 16 , 17 , 36 , 47 , 48
05 , 10 , 12 , 20 , 28 , 36
05 , 07 , 22 , 37 , 40 , 45
03 , 11 , 15 , 25 , 31 , 48
12 , 13 , 16 , 21 , 42 , 43
01 , 08 , 14 , 27 , 40 , 45
06 , 17 , 22 , 34 , 38 , 42
06 , 20 , 22 , 43 , 45 , 48
01 , 03 , 04 , 24 , 32 , 43
01 , 03 , 40 , 44 , 46 , 48
11 , 16 , 19 , 29 , 30 , 45
05 , 08 , 14 , 19 , 22 , 47
06 , 08 , 18 , 19 , 20 , 30
08 , 13 , 14 , 32 , 36 , 42
07 , 21 , 29 , 33 , 40 , 41
17 , 23 , 28 , 29 , 32 , 39
13 , 18 , 30 , 34 , 45 , 49
06 , 08 , 24 , 32 , 34 , 36
12 , 24 , 28 , 36 , 37 , 40
02 , 07 , 22 , 35 , 46 , 49
10 , 17 , 20 , 21 , 32 , 41
14 , 20 , 24 , 30 , 44 , 48
03 , 10 , 14 , 15 , 20 , 45
02 , 20 , 36 , 37 , 42 , 46
04 , 05 , 10 , 30 , 39 , 45
12 , 20 , 30 , 38 , 40 , 41
13 , 20 , 22 , 31 , 34 , 42
04 , 19 , 21 , 28 , 39 , 43
06 , 07 , 08 , 20 , 47 , 48
18 , 23 , 24 , 25 , 39 , 42
07 , 11 , 19 , 23 , 35 , 44
07 , 26 , 27 , 28 , 30 , 32
05 , 19 , 21 , 34 , 41 , 49
05 , 08 , 11 , 15 , 33 , 37
06 , 09 , 14 , 19 , 38 , 49
07 , 12 , 15 , 21 , 27 , 47
11 , 20 , 29 , 33 , 34 , 36
03 , 06 , 12 , 16 , 17 , 20
05 , 14 , 20 , 27 , 29 , 45
27 , 33 , 36 , 41 , 43 , 44
07 , 20 , 21 , 34 , 37 , 43
04 , 31 , 34 , 36 , 40 , 44
07 , 11 , 23 , 30 , 38 , 49
07 , 21 , 35 , 36 , 42 , 43
04 , 12 , 14 , 15 , 22 , 48
02 , 05 , 26 , 29 , 38 , 39
05 , 16 , 18 , 32 , 41 , 47
03 , 09 , 28 , 32 , 39 , 47
08 , 10 , 23 , 33 , 41 , 46
06 , 09 , 13 , 20 , 42 , 43
07 , 18 , 20 , 32 , 42 , 49
01 , 24 , 39 , 40 , 46 , 49
04 , 06 , 07 , 12 , 20 , 21
08 , 13 , 16 , 23 , 35 , 41
03 , 09 , 10 , 42 , 44 , 47
02 , 08 , 16 , 33 , 42 , 47
01 , 02 , 07 , 20 , 27 , 37
19 , 25 , 27 , 39 , 40 , 46
03 , 05 , 10 , 11 , 29 , 45
11 , 23 , 34 , 36 , 41 , 45
19 , 29 , 36 , 37 , 45 , 46
14 , 16 , 18 , 23 , 25 , 44
02 , 08 , 14 , 21 , 37 , 44
04 , 06 , 10 , 15 , 42 , 49
12 , 15 , 34 , 37 , 43 , 46
08 , 10 , 11 , 39 , 42 , 44
03 , 07 , 09 , 31 , 39 , 45
08 , 12 , 17 , 28 , 31 , 34
03 , 14 , 19 , 21 , 35 , 48
15 , 16 , 17 , 25 , 34 , 49
05 , 07 , 16 , 18 , 36 , 48
12 , 13 , 19 , 25 , 30 , 46
04 , 06 , 30 , 35 , 40 , 43
15 , 20 , 22 , 31 , 35 , 37
05 , 12 , 17 , 19 , 35 , 48
24 , 25 , 29 , 32 , 42 , 49
09 , 12 , 13 , 24 , 39 , 45
11 , 20 , 26 , 34 , 41 , 43
02 , 14 , 21 , 31 , 42 , 46
09 , 11 , 21 , 24 , 39 , 43
02 , 03 , 21 , 28 , 32 , 47
09 , 11 , 20 , 31 , 34 , 44
04 , 13 , 27 , 30 , 37 , 41
05 , 09 , 11 , 23 , 37 , 44
06 , 07 , 11 , 25 , 26 , 30
08 , 09 , 28 , 34 , 37 , 42
16 , 25 , 28 , 30 , 44 , 46
02 , 03 , 14 , 15 , 35 , 37
02 , 09 , 17 , 31 , 32 , 40
02 , 17 , 22 , 25 , 26 , 41
16 , 26 , 28 , 33 , 42 , 49
11 , 14 , 20 , 26 , 37 , 41
01 , 06 , 22 , 24 , 32 , 42
02 , 13 , 24 , 29 , 41 , 49
01 , 11 , 36 , 38 , 41 , 42
02 , 12 , 13 , 16 , 32 , 43
04 , 11 , 25 , 35 , 37 , 48
03 , 08 , 21 , 22 , 37 , 41
10 , 22 , 30 , 33 , 36 , 47
08 , 29 , 33 , 34 , 46 , 49
04 , 25 , 26 , 27 , 30 , 48
09 , 10 , 19 , 21 , 35 , 36
10 , 14 , 32 , 33 , 35 , 46
07 , 16 , 31 , 38 , 40 , 41
01 , 12 , 25 , 28 , 40 , 46
07 , 27 , 32 , 34 , 41 , 47
07 , 25 , 31 , 34 , 47 , 49
01 , 07 , 22 , 32 , 34 , 36
01 , 05 , 13 , 43 , 44 , 47
13 , 15 , 24 , 30 , 38 , 40
04 , 09 , 13 , 32 , 34 , 41
08 , 09 , 23 , 30 , 37 , 41
03 , 14 , 16 , 17 , 43 , 46
14 , 20 , 22 , 27 , 28 , 38
12 , 15 , 18 , 27 , 30 , 38
09 , 11 , 13 , 17 , 38 , 42
01 , 12 , 17 , 25 , 31 , 48
01 , 03 , 18 , 23 , 28 , 44
03 , 07 , 15 , 16 , 18 , 41
12 , 33 , 34 , 38 , 40 , 46
07 , 09 , 19 , 22 , 36 , 49
07 , 08 , 20 , 28 , 34 , 46
03 , 05 , 17 , 32 , 33 , 47
04 , 07 , 23 , 24 , 27 , 41
07 , 21 , 22 , 37 , 41 , 48
04 , 10 , 19 , 26 , 35 , 45
12 , 17 , 20 , 21 , 30 , 45
06 , 10 , 24 , 27 , 41 , 43
01 , 02 , 10 , 11 , 26 , 43
07 , 08 , 15 , 23 , 31 , 36
07 , 23 , 32 , 34 , 43 , 47
02 , 12 , 26 , 28 , 33 , 34
02 , 13 , 16 , 22 , 26 , 48
08 , 26 , 29 , 32 , 36 , 39
01 , 07 , 14 , 22 , 40 , 45
02 , 10 , 22 , 23 , 24 , 37
04 , 13 , 17 , 29 , 31 , 44
02 , 06 , 12 , 18 , 36 , 46
11 , 12 , 15 , 20 , 27 , 47
07 , 08 , 10 , 20 , 24 , 27
12 , 18 , 20 , 21 , 31 , 37
03 , 14 , 18 , 31 , 41 , 42
17 , 19 , 24 , 27 , 31 , 37
16 , 19 , 28 , 37 , 38 , 41
01 , 05 , 08 , 10 , 34 , 35
01 , 12 , 13 , 37 , 41 , 43
02 , 03 , 05 , 28 , 42 , 48
09 , 14 , 17 , 19 , 46 , 47
04 , 08 , 10 , 14 , 41 , 45
04 , 23 , 25 , 28 , 39 , 43
02 , 14 , 19 , 28 , 39 , 46
05 , 15 , 24 , 25 , 44 , 47
10 , 15 , 24 , 26 , 29 , 35
05 , 06 , 12 , 22 , 30 , 48
08 , 20 , 23 , 33 , 36 , 43
04 , 25 , 31 , 36 , 39 , 46
02 , 11 , 17 , 22 , 38 , 40
02 , 03 , 05 , 14 , 16 , 29
03 , 08 , 18 , 19 , 26 , 42
01 , 03 , 06 , 11 , 19 , 27
05 , 08 , 23 , 34 , 44 , 46
06 , 28 , 29 , 30 , 31 , 39
04 , 28 , 32 , 37 , 41 , 45
15 , 18 , 25 , 30 , 33 , 44
03 , 14 , 16 , 21 , 33 , 36
10 , 11 , 14 , 19 , 22 , 38
18 , 35 , 39 , 43 , 47 , 49
02 , 12 , 15 , 18 , 37 , 40
03 , 08 , 11 , 16 , 33 , 37
07 , 23 , 29 , 36 , 45 , 49
08 , 13 , 15 , 19 , 29 , 42
13 , 17 , 23 , 27 , 33 , 41
05 , 11 , 14 , 16 , 36 , 40
05 , 18 , 25 , 31 , 48 , 49
01 , 04 , 19 , 24 , 28 , 31
04 , 10 , 13 , 36 , 44 , 45
07 , 10 , 12 , 35 , 38 , 47
13 , 16 , 27 , 28 , 33 , 42
02 , 08 , 09 , 18 , 27 , 37
06 , 09 , 23 , 27 , 34 , 46
15 , 16 , 26 , 27 , 39 , 45
02 , 12 , 21 , 30 , 42 , 47
11 , 13 , 18 , 22 , 38 , 39
02 , 11 , 23 , 30 , 33 , 42
02 , 12 , 24 , 32 , 42 , 47
13 , 14 , 21 , 29 , 42 , 48
16 , 18 , 19 , 25 , 26 , 32
06 , 16 , 19 , 23 , 33 , 39
18 , 30 , 40 , 42 , 44 , 49
04 , 21 , 27 , 28 , 30 , 35
08 , 12 , 22 , 30 , 32 , 36
11 , 33 , 34 , 46 , 47 , 49
02 , 08 , 12 , 34 , 41 , 42
01 , 12 , 29 , 30 , 33 , 44
01 , 15 , 21 , 26 , 36 , 45
02 , 04 , 17 , 22 , 36 , 43
24 , 26 , 31 , 32 , 37 , 46
14 , 16 , 25 , 32 , 36 , 48
03 , 07 , 08 , 23 , 30 , 31
07 , 14 , 19 , 30 , 31 , 39
08 , 14 , 16 , 19 , 21 , 35
02 , 10 , 15 , 22 , 26 , 32
15 , 16 , 21 , 23 , 28 , 46
05 , 06 , 07 , 14 , 29 , 46
02 , 09 , 18 , 22 , 25 , 35
16 , 17 , 20 , 21 , 32 , 40
01 , 09 , 18 , 19 , 34 , 49
14 , 23 , 24 , 27 , 36 , 39
01 , 03 , 19 , 31 , 32 , 42
16 , 17 , 30 , 32 , 35 , 41
05 , 15 , 22 , 23 , 28 , 39
14 , 21 , 25 , 35 , 36 , 39
02 , 03 , 04 , 23 , 29 , 42
09 , 22 , 31 , 36 , 40 , 47
19 , 23 , 31 , 32 , 37 , 49
05 , 17 , 33 , 34 , 43 , 44
17 , 18 , 22 , 24 , 25 , 38
21 , 22 , 32 , 37 , 42 , 44
24 , 36 , 39 , 41 , 45 , 49
08 , 16 , 27 , 32 , 43 , 44
04 , 17 , 25 , 36 , 40 , 44
15 , 17 , 20 , 32 , 33 , 39
11 , 12 , 21 , 35 , 41 , 48
06 , 12 , 22 , 31 , 41 , 44
02 , 16 , 20 , 37 , 43 , 48
06 , 14 , 15 , 19 , 30 , 43
12 , 16 , 35 , 38 , 41 , 47
08 , 10 , 15 , 32 , 39 , 48
06 , 16 , 21 , 23 , 46 , 49
10 , 11 , 21 , 23 , 28 , 37
07 , 11 , 12 , 15 , 24 , 26
06 , 18 , 19 , 23 , 32 , 49
02 , 11 , 25 , 29 , 30 , 33
04 , 09 , 11 , 32 , 43 , 47
04 , 11 , 16 , 28 , 33 , 46
10 , 19 , 26 , 29 , 43 , 45
03 , 08 , 09 , 12 , 14 , 22
01 , 19 , 20 , 25 , 30 , 32
01 , 05 , 07 , 31 , 35 , 49
01 , 09 , 17 , 31 , 33 , 48
01 , 05 , 16 , 18 , 31 , 41
04 , 12 , 17 , 28 , 34 , 40
14 , 19 , 21 , 25 , 27 , 38
04 , 13 , 14 , 37 , 39 , 46
12 , 14 , 32 , 35 , 40 , 43
18 , 22 , 41 , 42 , 47 , 49
06 , 07 , 35 , 37 , 38 , 47
10 , 25 , 26 , 29 , 31 , 40
08 , 23 , 28 , 38 , 41 , 42
01 , 29 , 35 , 36 , 44 , 46
11 , 19 , 25 , 34 , 36 , 42
19 , 29 , 33 , 36 , 39 , 49
12 , 28 , 38 , 42 , 44 , 49
27 , 30 , 32 , 41 , 44 , 46
05 , 25 , 26 , 34 , 40 , 49
03 , 21 , 26 , 28 , 38 , 40
01 , 03 , 22 , 28 , 37 , 42
01 , 21 , 24 , 25 , 34 , 44
06 , 18 , 24 , 25 , 26 , 34
07 , 08 , 25 , 33 , 41 , 43
02 , 07 , 08 , 22 , 28 , 32
03 , 06 , 11 , 17 , 22 , 49
02 , 03 , 17 , 28 , 38 , 49
10 , 11 , 15 , 20 , 31 , 49
01 , 10 , 13 , 33 , 37 , 38
05 , 15 , 25 , 27 , 33 , 34
02 , 08 , 21 , 32 , 33 , 37
14 , 15 , 16 , 24 , 44 , 47
10 , 23 , 29 , 30 , 44 , 47
02 , 08 , 13 , 14 , 37 , 39
10 , 16 , 30 , 33 , 37 , 42
11 , 23 , 30 , 35 , 40 , 44
04 , 10 , 31 , 38 , 40 , 48
14 , 15 , 16 , 35 , 46 , 48
01 , 02 , 29 , 31 , 33 , 43
04 , 07 , 17 , 22 , 44 , 45
17 , 23 , 30 , 31 , 34 , 49
03 , 16 , 22 , 33 , 40 , 41
01 , 12 , 35 , 36 , 41 , 44
04 , 07 , 20 , 23 , 28 , 45
09 , 11 , 20 , 21 , 45 , 46
01 , 11 , 18 , 27 , 36 , 46
09 , 28 , 34 , 41 , 42 , 49
25 , 26 , 37 , 38 , 44 , 48
05 , 19 , 26 , 44 , 46 , 48
05 , 14 , 15 , 20 , 27 , 29
08 , 20 , 33 , 35 , 42 , 43
15 , 17 , 30 , 35 , 37 , 45
01 , 02 , 22 , 27 , 35 , 40
04 , 15 , 20 , 22 , 28 , 29
09 , 15 , 27 , 28 , 30 , 41
09 , 15 , 19 , 22 , 35 , 41
02 , 10 , 17 , 27 , 33 , 49
07 , 13 , 33 , 40 , 45 , 46
24 , 25 , 29 , 33 , 35 , 38
25 , 31 , 34 , 42 , 43 , 46
09 , 10 , 13 , 19 , 23 , 35
06 , 09 , 15 , 17 , 40 , 47
08 , 20 , 24 , 34 , 41 , 43
07 , 08 , 25 , 39 , 45 , 46
14 , 17 , 27 , 28 , 39 , 41
02 , 27 , 34 , 35 , 36 , 49
07 , 10 , 17 , 20 , 21 , 31
12 , 13 , 16 , 33 , 35 , 37
04 , 13 , 15 , 22 , 23 , 48
05 , 08 , 23 , 31 , 39 , 44
03 , 10 , 27 , 33 , 41 , 44
01 , 02 , 05 , 32 , 45 , 46
02 , 09 , 13 , 16 , 24 , 39
06 , 08 , 13 , 21 , 33 , 39
05 , 10 , 25 , 30 , 40 , 43
02 , 03 , 20 , 23 , 34 , 42
03 , 10 , 22 , 31 , 35 , 38
03 , 04 , 08 , 22 , 36 , 38
01 , 26 , 37 , 39 , 42 , 48
01 , 07 , 17 , 40 , 41 , 43
08 , 14 , 27 , 31 , 36 , 40
06 , 12 , 21 , 25 , 34 , 43
12 , 19 , 23 , 33 , 46 , 48
12 , 21 , 39 , 41 , 46 , 47
09 , 13 , 17 , 28 , 45 , 47
11 , 14 , 19 , 39 , 45 , 49
02 , 07 , 13 , 30 , 36 , 45
14 , 23 , 26 , 32 , 38 , 43
08 , 12 , 16 , 29 , 37 , 39
01 , 17 , 18 , 34 , 46 , 47
07 , 11 , 22 , 37 , 40 , 41
07 , 11 , 16 , 20 , 30 , 33
01 , 03 , 04 , 18 , 25 , 47
06 , 14 , 30 , 42 , 47 , 48
09 , 16 , 30 , 34 , 36 , 49
03 , 27 , 30 , 35 , 39 , 41
05 , 07 , 12 , 17 , 22 , 29
07 , 14 , 17 , 22 , 23 , 34
03 , 09 , 17 , 21 , 41 , 46
10 , 14 , 19 , 20 , 43 , 45
11 , 20 , 23 , 30 , 39 , 44
11 , 23 , 29 , 33 , 34 , 40
01 , 03 , 16 , 20 , 21 , 26
04 , 06 , 18 , 29 , 35 , 48
06 , 10 , 11 , 22 , 32 , 45
03 , 13 , 29 , 30 , 34 , 48
18 , 19 , 22 , 32 , 44 , 47
09 , 24 , 25 , 31 , 37 , 45
08 , 12 , 13 , 16 , 27 , 32
04 , 11 , 21 , 25 , 35 , 37
04 , 05 , 26 , 30 , 38 , 41
15 , 21 , 23 , 26 , 43 , 48
16 , 35 , 38 , 44 , 45 , 48
11 , 13 , 17 , 35 , 39 , 46
10 , 15 , 17 , 20 , 43 , 46
04 , 09 , 14 , 23 , 44 , 46
06 , 11 , 16 , 17 , 27 , 42
05 , 15 , 18 , 39 , 40 , 44
03 , 10 , 13 , 28 , 44 , 48
01 , 03 , 07 , 15 , 25 , 33
16 , 19 , 24 , 29 , 41 , 43
01 , 08 , 13 , 30 , 32 , 42
03 , 07 , 11 , 12 , 16 , 30
08 , 12 , 13 , 29 , 37 , 49
05 , 06 , 11 , 15 , 18 , 25
04 , 11 , 18 , 22 , 23 , 31
01 , 04 , 25 , 29 , 42 , 43
08 , 15 , 32 , 36 , 40 , 43
16 , 21 , 34 , 37 , 41 , 47
06 , 13 , 15 , 19 , 37 , 41
04 , 05 , 23 , 25 , 40 , 41
01 , 09 , 13 , 28 , 29 , 48
04 , 09 , 10 , 39 , 40 , 42
02 , 07 , 26 , 31 , 44 , 47
01 , 11 , 16 , 18 , 31 , 33
07 , 10 , 11 , 27 , 28 , 45
08 , 24 , 27 , 30 , 45 , 49
08 , 16 , 22 , 28 , 45 , 48
03 , 06 , 08 , 15 , 20 , 30
07 , 08 , 10 , 17 , 34 , 36
01 , 16 , 41 , 43 , 46 , 47
12 , 17 , 32 , 37 , 38 , 39
20 , 25 , 29 , 31 , 40 , 44
24 , 29 , 31 , 32 , 44 , 49
02 , 08 , 22 , 27 , 35 , 43
03 , 08 , 10 , 28 , 38 , 47
11 , 15 , 36 , 41 , 44 , 45
01 , 03 , 25 , 31 , 35 , 44
09 , 13 , 21 , 25 , 38 , 39
06 , 10 , 39 , 44 , 46 , 47
06 , 16 , 17 , 36 , 37 , 41
02 , 13 , 30 , 31 , 34 , 44
05 , 10 , 18 , 29 , 41 , 44
08 , 28 , 31 , 32 , 36 , 43
19 , 20 , 44 , 46 , 47 , 49
09 , 18 , 19 , 20 , 40 , 48
08 , 11 , 12 , 15 , 40 , 46
13 , 15 , 22 , 26 , 45 , 47
10 , 15 , 20 , 21 , 27 , 36
08 , 20 , 29 , 30 , 42 , 49
05 , 13 , 14 , 23 , 24 , 42
01 , 02 , 35 , 43 , 45 , 46
25 , 26 , 27 , 28 , 36 , 37
03 , 12 , 17 , 19 , 38 , 48
13 , 16 , 18 , 30 , 32 , 40
06 , 15 , 27 , 32 , 44 , 49
10 , 12 , 25 , 33 , 39 , 42
08 , 09 , 16 , 39 , 40 , 44
04 , 07 , 20 , 27 , 33 , 40
10 , 12 , 14 , 19 , 30 , 45
05 , 06 , 13 , 26 , 29 , 47
01 , 14 , 27 , 33 , 42 , 46
21 , 23 , 28 , 29 , 41 , 46
18 , 19 , 32 , 35 , 46 , 48
05 , 06 , 12 , 28 , 29 , 41
02 , 13 , 33 , 35 , 43 , 45
03 , 05 , 11 , 18 , 25 , 38
03 , 04 , 25 , 35 , 41 , 45
08 , 19 , 22 , 24 , 26 , 28
03 , 20 , 27 , 34 , 37 , 44
08 , 21 , 32 , 35 , 41 , 48
01 , 07 , 19 , 20 , 46 , 47
02 , 05 , 11 , 28 , 32 , 34
02 , 10 , 11 , 20 , 26 , 45
03 , 21 , 23 , 28 , 37 , 43
15 , 16 , 29 , 39 , 42 , 46
03 , 06 , 18 , 27 , 29 , 32
01 , 13 , 23 , 29 , 31 , 33
02 , 10 , 15 , 28 , 44 , 49
08 , 28 , 41 , 42 , 44 , 49
08 , 15 , 25 , 29 , 47 , 49
03 , 05 , 12 , 26 , 36 , 44
13 , 25 , 31 , 35 , 41 , 46
01 , 03 , 11 , 22 , 29 , 33
26 , 32 , 33 , 36 , 45 , 47
01 , 22 , 23 , 38 , 48 , 49
10 , 11 , 17 , 20 , 42 , 44
11 , 17 , 19 , 33 , 45 , 47
13 , 32 , 36 , 40 , 42 , 43
02 , 04 , 13 , 25 , 32 , 43
12 , 13 , 15 , 18 , 24 , 36
03 , 04 , 06 , 09 , 17 , 24
04 , 07 , 09 , 13 , 29 , 46
05 , 32 , 36 , 40 , 42 , 49
06 , 09 , 14 , 16 , 22 , 33
03 , 11 , 25 , 34 , 46 , 47
06 , 21 , 22 , 35 , 37 , 44
04 , 06 , 11 , 41 , 43 , 46
02 , 06 , 27 , 34 , 38 , 43
03 , 28 , 39 , 41 , 46 , 48
14 , 20 , 21 , 32 , 38 , 43
03 , 06 , 12 , 34 , 37 , 43
02 , 05 , 11 , 17 , 27 , 40
05 , 09 , 10 , 28 , 29 , 45
07 , 25 , 27 , 31 , 40 , 49
03 , 06 , 15 , 16 , 27 , 31
03 , 11 , 15 , 23 , 40 , 46
01 , 09 , 15 , 25 , 29 , 35
14 , 15 , 26 , 29 , 35 , 44
05 , 11 , 29 , 36 , 42 , 46
05 , 13 , 15 , 16 , 18 , 30
03 , 14 , 24 , 35 , 39 , 44
04 , 09 , 15 , 21 , 27 , 45
08 , 16 , 20 , 38 , 39 , 42
09 , 24 , 28 , 35 , 45 , 47
02 , 17 , 28 , 32 , 38 , 46
02 , 14 , 16 , 22 , 37 , 46
07 , 08 , 18 , 21 , 23 , 24
11 , 16 , 29 , 30 , 37 , 43
13 , 22 , 23 , 29 , 31 , 48
07 , 30 , 32 , 44 , 48 , 49
09 , 27 , 32 , 42 , 45 , 49
03 , 27 , 30 , 31 , 32 , 39
01 , 09 , 24 , 32 , 41 , 49
17 , 28 , 32 , 34 , 35 , 45
07 , 08 , 24 , 29 , 32 , 48
07 , 09 , 23 , 33 , 41 , 43
11 , 18 , 30 , 34 , 37 , 47
09 , 11 , 13 , 23 , 26 , 42
01 , 10 , 21 , 35 , 40 , 44
01 , 15 , 16 , 32 , 44 , 48
02 , 03 , 22 , 26 , 32 , 34
11 , 12 , 20 , 26 , 28 , 43
15 , 16 , 29 , 34 , 41 , 44
05 , 11 , 18 , 23 , 36 , 43
11 , 19 , 25 , 27 , 40 , 49
03 , 20 , 30 , 35 , 38 , 41
02 , 08 , 10 , 14 , 27 , 49
05 , 16 , 25 , 32 , 37 , 44
01 , 17 , 20 , 36 , 37 , 45
14 , 28 , 31 , 38 , 42 , 44
02 , 11 , 20 , 32 , 33 , 36
09 , 10 , 14 , 20 , 36 , 47
01 , 11 , 19 , 24 , 26 , 28
17 , 18 , 40 , 41 , 45 , 47
10 , 14 , 19 , 24 , 35 , 37
18 , 35 , 36 , 41 , 47 , 49
08 , 15 , 19 , 22 , 29 , 37
02 , 11 , 20 , 28 , 32 , 38
02 , 06 , 17 , 29 , 32 , 39
07 , 12 , 16 , 18 , 19 , 41
02 , 23 , 27 , 31 , 36 , 49
21 , 23 , 29 , 41 , 42 , 49
10 , 16 , 25 , 27 , 32 , 36
07 , 08 , 36 , 39 , 42 , 43
09 , 10 , 21 , 23 , 38 , 39
01 , 17 , 19 , 23 , 32 , 43
08 , 16 , 23 , 30 , 31 , 43
06 , 07 , 09 , 12 , 14 , 19
18 , 23 , 29 , 46 , 47 , 48
04 , 06 , 10 , 12 , 34 , 45
26 , 31 , 32 , 38 , 42 , 45
04 , 11 , 26 , 33 , 40 , 42
05 , 08 , 21 , 23 , 32 , 45
31 , 32 , 34 , 36 , 44 , 47
05 , 21 , 30 , 32 , 35 , 45
03 , 09 , 13 , 17 , 28 , 42
01 , 02 , 15 , 19 , 21 , 30
07 , 18 , 23 , 32 , 34 , 48
01 , 07 , 14 , 15 , 18 , 30
10 , 22 , 25 , 33 , 39 , 47
03 , 14 , 17 , 24 , 27 , 48
06 , 07 , 08 , 09 , 21 , 48
13 , 21 , 27 , 34 , 35 , 36
01 , 08 , 12 , 14 , 40 , 41
12 , 14 , 16 , 33 , 36 , 47
03 , 06 , 18 , 20 , 25 , 48
04 , 21 , 28 , 32 , 37 , 42
03 , 11 , 28 , 32 , 33 , 35
25 , 29 , 40 , 41 , 47 , 49
16 , 31 , 32 , 33 , 35 , 44
09 , 17 , 21 , 24 , 30 , 35
10 , 19 , 23 , 26 , 32 , 39
11 , 17 , 22 , 27 , 30 , 46
06 , 13 , 30 , 33 , 34 , 35
14 , 31 , 38 , 41 , 42 , 45
15 , 20 , 29 , 31 , 32 , 44
01 , 11 , 13 , 21 , 27 , 37
10 , 25 , 35 , 39 , 40 , 46
01 , 07 , 23 , 25 , 37 , 40
02 , 09 , 27 , 30 , 44 , 46
04 , 24 , 34 , 35 , 38 , 46
11 , 12 , 15 , 18 , 20 , 37
08 , 09 , 15 , 40 , 44 , 48
05 , 08 , 24 , 26 , 35 , 44
01 , 03 , 04 , 09 , 12 , 17
01 , 14 , 17 , 27 , 28 , 45
08 , 24 , 35 , 37 , 41 , 47
18 , 22 , 29 , 30 , 46 , 47
09 , 18 , 23 , 35 , 36 , 47
19 , 23 , 25 , 30 , 42 , 47
08 , 18 , 26 , 31 , 46 , 47
12 , 26 , 28 , 35 , 39 , 40
02 , 08 , 27 , 40 , 41 , 47
13 , 15 , 16 , 20 , 40 , 43
06 , 18 , 26 , 30 , 37 , 38
08 , 26 , 35 , 37 , 40 , 43
13 , 17 , 18 , 24 , 28 , 32
03 , 05 , 09 , 12 , 13 , 46
11 , 12 , 23 , 28 , 40 , 48
06 , 19 , 20 , 26 , 32 , 47
10 , 19 , 20 , 24 , 33 , 48
06 , 15 , 21 , 22 , 31 , 44
05 , 11 , 12 , 21 , 22 , 28
08 , 12 , 19 , 32 , 42 , 46
01 , 02 , 16 , 17 , 27 , 30
03 , 13 , 14 , 19 , 24 , 45
06 , 09 , 13 , 19 , 36 , 37
17 , 23 , 27 , 38 , 48 , 49
09 , 22 , 44 , 45 , 48 , 49
01 , 02 , 05 , 07 , 26 , 30
01 , 04 , 20 , 29 , 41 , 45
12 , 15 , 22 , 38 , 43 , 44
13 , 15 , 20 , 26 , 29 , 36
02 , 11 , 21 , 41 , 45 , 49
07 , 17 , 19 , 30 , 32 , 37
01 , 07 , 21 , 25 , 35 , 36
11 , 18 , 20 , 21 , 35 , 37
05 , 27 , 29 , 36 , 40 , 42
02 , 12 , 16 , 31 , 39 , 43
09 , 21 , 24 , 33 , 36 , 43
08 , 09 , 14 , 17 , 25 , 45
01 , 04 , 09 , 14 , 22 , 28
10 , 16 , 26 , 28 , 41 , 48
06 , 11 , 27 , 34 , 42 , 49
04 , 06 , 08 , 10 , 15 , 36
08 , 10 , 17 , 38 , 44 , 49
02 , 08 , 13 , 19 , 30 , 31
01 , 10 , 11 , 15 , 20 , 21
08 , 09 , 11 , 24 , 40 , 47
15 , 16 , 33 , 35 , 36 , 46
02 , 04 , 18 , 31 , 36 , 43
03 , 12 , 22 , 23 , 29 , 46
01 , 03 , 28 , 30 , 33 , 39
03 , 12 , 27 , 29 , 37 , 46
06 , 16 , 26 , 31 , 36 , 46
01 , 04 , 21 , 30 , 39 , 42
03 , 08 , 10 , 11 , 35 , 36
07 , 08 , 16 , 23 , 32 , 39
09 , 11 , 17 , 39 , 40 , 43
08 , 13 , 16 , 20 , 22 , 28
02 , 10 , 32 , 37 , 46 , 49
04 , 06 , 07 , 11 , 26 , 31
07 , 12 , 18 , 25 , 28 , 48
01 , 04 , 14 , 17 , 23 , 46
01 , 12 , 18 , 19 , 38 , 46
07 , 09 , 15 , 23 , 34 , 35
06 , 12 , 19 , 28 , 39 , 47
01 , 08 , 17 , 19 , 40 , 46
12 , 16 , 26 , 27 , 28 , 45
01 , 10 , 14 , 34 , 42 , 47
06 , 07 , 14 , 33 , 36 , 48
11 , 13 , 22 , 29 , 39 , 48
02 , 21 , 24 , 27 , 36 , 46
05 , 08 , 11 , 14 , 15 , 36
05 , 11 , 12 , 14 , 31 , 35
05 , 07 , 16 , 28 , 31 , 49
04 , 17 , 24 , 27 , 29 , 40
12 , 14 , 16 , 34 , 37 , 48
03 , 04 , 12 , 13 , 24 , 30
01 , 04 , 17 , 27 , 32 , 48
07 , 27 , 43 , 44 , 45 , 46
06 , 15 , 16 , 22 , 43 , 45
08 , 17 , 21 , 34 , 39 , 45
04 , 17 , 24 , 27 , 35 , 49
03 , 05 , 09 , 15 , 30 , 49
10 , 13 , 16 , 29 , 31 , 37
15 , 24 , 29 , 34 , 47 , 48
19 , 24 , 28 , 29 , 41 , 43
11 , 14 , 28 , 39 , 40 , 45
01 , 05 , 18 , 21 , 40 , 44
22 , 26 , 31 , 42 , 44 , 49
07 , 18 , 26 , 28 , 34 , 38
10 , 29 , 35 , 39 , 41 , 44
04 , 11 , 25 , 36 , 41 , 43
04 , 16 , 22 , 32 , 35 , 47
16 , 20 , 34 , 42 , 46 , 49
03 , 14 , 29 , 33 , 39 , 48
14 , 19 , 34 , 43 , 46 , 47
03 , 06 , 10 , 33 , 39 , 44
07 , 10 , 16 , 17 , 30 , 43
10 , 27 , 28 , 31 , 37 , 41
24 , 29 , 35 , 39 , 42 , 49
05 , 10 , 16 , 22 , 23 , 24
01 , 06 , 07 , 27 , 30 , 39
02 , 17 , 25 , 32 , 39 , 43
09 , 11 , 14 , 25 , 33 , 35
01 , 04 , 08 , 22 , 32 , 45
10 , 30 , 32 , 37 , 46 , 47
15 , 17 , 19 , 30 , 40 , 47
12 , 15 , 29 , 31 , 36 , 45
03 , 36 , 37 , 40 , 42 , 48
06 , 18 , 40 , 43 , 45 , 48
01 , 03 , 18 , 22 , 29 , 32
07 , 16 , 35 , 45 , 47 , 48
04 , 07 , 13 , 17 , 21 , 35
11 , 15 , 20 , 23 , 26 , 35
02 , 03 , 08 , 15 , 24 , 46
01 , 09 , 20 , 28 , 39 , 42
05 , 07 , 13 , 23 , 24 , 30
01 , 12 , 25 , 37 , 39 , 40
05 , 13 , 23 , 37 , 43 , 44
16 , 20 , 35 , 46 , 47 , 49
12 , 13 , 16 , 29 , 44 , 45
05 , 24 , 30 , 35 , 36 , 38
01 , 26 , 34 , 35 , 36 , 37
08 , 15 , 21 , 30 , 36 , 39
07 , 09 , 17 , 25 , 28 , 35
07 , 23 , 24 , 28 , 32 , 40
02 , 08 , 17 , 30 , 34 , 40
03 , 13 , 19 , 24 , 27 , 38
06 , 16 , 40 , 45 , 46 , 48
09 , 10 , 12 , 21 , 31 , 35
05 , 11 , 17 , 22 , 30 , 34
04 , 11 , 22 , 26 , 38 , 47
08 , 15 , 19 , 25 , 30 , 38
01 , 26 , 28 , 37 , 39 , 46
03 , 07 , 31 , 32 , 34 , 43
02 , 04 , 11 , 18 , 48 , 49
02 , 14 , 23 , 25 , 31 , 47
22 , 27 , 30 , 33 , 37 , 46
02 , 08 , 32 , 34 , 44 , 46
01 , 10 , 24 , 33 , 44 , 48
05 , 06 , 14 , 19 , 27 , 33
01 , 07 , 24 , 31 , 35 , 47
03 , 04 , 22 , 32 , 33 , 49
05 , 14 , 18 , 28 , 37 , 42
12 , 18 , 25 , 32 , 41 , 47
13 , 17 , 22 , 25 , 31 , 48
05 , 07 , 10 , 15 , 19 , 44
08 , 11 , 17 , 21 , 28 , 49
05 , 12 , 14 , 22 , 38 , 44
08 , 11 , 13 , 19 , 23 , 28
02 , 23 , 29 , 30 , 41 , 43
05 , 18 , 26 , 31 , 37 , 43
05 , 09 , 13 , 18 , 19 , 31
02 , 03 , 04 , 14 , 18 , 46
06 , 20 , 23 , 24 , 27 , 34
17 , 18 , 32 , 33 , 41 , 42
02 , 11 , 14 , 22 , 25 , 31
09 , 25 , 31 , 37 , 38 , 45
08 , 13 , 41 , 42 , 47 , 48
04 , 18 , 24 , 36 , 37 , 38
10 , 14 , 20 , 25 , 36 , 46
01 , 17 , 20 , 28 , 32 , 41
02 , 07 , 19 , 20 , 25 , 46
13 , 25 , 27 , 39 , 45 , 49
02 , 03 , 28 , 35 , 44 , 45
05 , 11 , 12 , 30 , 43 , 48
08 , 15 , 18 , 30 , 31 , 41
09 , 17 , 18 , 33 , 44 , 47
01 , 03 , 07 , 09 , 28 , 40
04 , 06 , 22 , 41 , 42 , 47
18 , 19 , 34 , 35 , 45 , 49
22 , 29 , 30 , 36 , 37 , 42
12 , 13 , 18 , 39 , 44 , 48
20 , 31 , 32 , 33 , 37 , 38
03 , 04 , 21 , 30 , 31 , 48
07 , 17 , 19 , 24 , 30 , 44
10 , 21 , 32 , 36 , 40 , 48
18 , 28 , 31 , 34 , 36 , 45
01 , 03 , 06 , 30 , 38 , 41
07 , 34 , 35 , 42 , 43 , 47
06 , 29 , 40 , 44 , 46 , 47
07 , 38 , 39 , 43 , 47 , 48
02 , 19 , 27 , 31 , 38 , 49
01 , 03 , 14 , 24 , 26 , 45
12 , 23 , 28 , 29 , 43 , 47
13 , 14 , 18 , 27 , 29 , 44
01 , 24 , 28 , 33 , 43 , 44
05 , 07 , 09 , 22 , 27 , 34
05 , 11 , 21 , 24 , 37 , 39
11 , 14 , 22 , 34 , 41 , 44
17 , 19 , 22 , 25 , 30 , 37
08 , 15 , 28 , 35 , 41 , 46
03 , 16 , 26 , 28 , 31 , 41
04 , 11 , 18 , 19 , 27 , 31
11 , 18 , 21 , 34 , 41 , 49
09 , 11 , 30 , 36 , 39 , 45
01 , 06 , 07 , 12 , 16 , 41
06 , 24 , 28 , 36 , 38 , 44
01 , 05 , 17 , 19 , 26 , 46
09 , 15 , 23 , 38 , 47 , 49
03 , 21 , 29 , 33 , 35 , 40
01 , 09 , 24 , 45 , 46 , 49
11 , 13 , 16 , 35 , 40 , 49
04 , 18 , 31 , 34 , 39 , 44
05 , 22 , 38 , 43 , 46 , 49
01 , 17 , 22 , 26 , 33 , 40
01 , 08 , 13 , 18 , 28 , 49
13 , 23 , 25 , 31 , 39 , 46
01 , 30 , 35 , 44 , 47 , 49
10 , 22 , 29 , 30 , 33 , 37
06 , 23 , 24 , 25 , 29 , 30
04 , 11 , 17 , 23 , 31 , 39
05 , 07 , 21 , 22 , 31 , 43
13 , 22 , 24 , 35 , 40 , 45
09 , 14 , 19 , 21 , 39 , 47
02 , 03 , 25 , 44 , 45 , 48
19 , 23 , 25 , 26 , 31 , 43
01 , 04 , 09 , 20 , 25 , 35
06 , 19 , 27 , 31 , 33 , 42
04 , 05 , 14 , 36 , 37 , 40
08 , 22 , 23 , 39 , 44 , 47
01 , 20 , 21 , 28 , 36 , 38
16 , 18 , 23 , 27 , 28 , 29
22 , 31 , 36 , 37 , 43 , 44
04 , 05 , 07 , 13 , 26 , 46
26 , 27 , 28 , 30 , 31 , 43
06 , 24 , 46 , 47 , 48 , 49
10 , 21 , 41 , 44 , 45 , 48
02 , 05 , 17 , 20 , 25 , 48
02 , 06 , 15 , 21 , 31 , 45
02 , 30 , 32 , 36 , 43 , 47
02 , 06 , 13 , 15 , 17 , 43
02 , 21 , 32 , 39 , 42 , 46
14 , 15 , 26 , 30 , 38 , 44
02 , 11 , 19 , 21 , 33 , 45
05 , 16 , 19 , 29 , 41 , 43
07 , 22 , 27 , 33 , 39 , 41
05 , 08 , 20 , 32 , 34 , 35
01 , 11 , 14 , 15 , 19 , 33
03 , 20 , 21 , 22 , 34 , 40
08 , 21 , 29 , 38 , 44 , 45
10 , 12 , 22 , 30 , 39 , 44
04 , 10 , 22 , 35 , 42 , 46
22 , 36 , 42 , 43 , 46 , 48
03 , 21 , 23 , 27 , 45 , 47
10 , 14 , 23 , 35 , 41 , 46
09 , 19 , 26 , 34 , 38 , 40
12 , 13 , 15 , 28 , 30 , 37
01 , 08 , 23 , 24 , 30 , 32
06 , 17 , 27 , 31 , 40 , 48
05 , 07 , 09 , 26 , 27 , 34
10 , 31 , 35 , 36 , 41 , 44
02 , 23 , 30 , 36 , 44 , 48
10 , 37 , 38 , 39 , 40 , 45
03 , 13 , 14 , 18 , 22 , 38
23 , 27 , 31 , 37 , 39 , 45
01 , 07 , 11 , 14 , 35 , 36
08 , 10 , 27 , 30 , 36 , 43
16 , 21 , 37 , 40 , 41 , 46
10 , 11 , 12 , 15 , 16 , 45
12 , 19 , 21 , 35 , 42 , 46
04 , 19 , 20 , 29 , 32 , 36
02 , 11 , 22 , 35 , 39 , 40
02 , 07 , 08 , 14 , 21 , 38
04 , 07 , 13 , 14 , 21 , 29
05 , 15 , 24 , 27 , 33 , 36
02 , 05 , 24 , 28 , 33 , 44
20 , 33 , 34 , 35 , 41 , 43
04 , 08 , 19 , 32 , 44 , 46
07 , 08 , 21 , 23 , 26 , 39
02 , 06 , 18 , 33 , 34 , 43
01 , 06 , 13 , 16 , 30 , 33
02 , 08 , 15 , 26 , 29 , 49
10 , 11 , 24 , 34 , 44 , 48
03 , 09 , 23 , 26 , 31 , 42
14 , 16 , 23 , 27 , 28 , 44
02 , 25 , 27 , 28 , 34 , 37
15 , 23 , 28 , 30 , 36 , 48
02 , 08 , 11 , 38 , 41 , 48
01 , 08 , 12 , 15 , 36 , 47
02 , 09 , 23 , 29 , 38 , 41
02 , 05 , 22 , 24 , 30 , 35
10 , 12 , 26 , 36 , 37 , 48
10 , 31 , 32 , 33 , 43 , 45
05 , 23 , 29 , 32 , 36 , 42
13 , 18 , 30 , 32 , 41 , 48
26 , 30 , 37 , 38 , 42 , 43
02 , 12 , 14 , 22 , 40 , 45
25 , 27 , 33 , 38 , 40 , 49
03 , 20 , 24 , 25 , 28 , 49
17 , 24 , 27 , 28 , 42 , 45
06 , 19 , 28 , 37 , 38 , 46
02 , 08 , 13 , 29 , 35 , 36
04 , 05 , 06 , 08 , 22 , 38
02 , 17 , 20 , 37 , 47 , 49
17 , 23 , 27 , 30 , 43 , 49
08 , 24 , 31 , 35 , 37 , 41
16 , 18 , 35 , 37 , 43 , 47
01 , 02 , 15 , 18 , 28 , 32
09 , 23 , 25 , 31 , 44 , 49
11 , 13 , 15 , 23 , 27 , 33
11 , 19 , 21 , 27 , 38 , 39
01 , 10 , 13 , 40 , 42 , 46
01 , 02 , 19 , 31 , 47 , 48
05 , 17 , 21 , 31 , 33 , 48
06 , 10 , 19 , 29 , 37 , 41
03 , 08 , 22 , 27 , 31 , 39
08 , 12 , 13 , 15 , 35 , 46
05 , 09 , 15 , 32 , 38 , 43
05 , 10 , 24 , 32 , 43 , 48
01 , 16 , 19 , 24 , 25 , 26
02 , 33 , 34 , 42 , 44 , 47
01 , 03 , 11 , 15 , 26 , 48
16 , 19 , 21 , 29 , 36 , 42
05 , 12 , 25 , 35 , 38 , 42
06 , 22 , 23 , 24 , 36 , 44
10 , 15 , 18 , 24 , 28 , 43
01 , 07 , 16 , 17 , 22 , 23
20 , 37 , 39 , 40 , 41 , 45
04 , 21 , 22 , 26 , 36 , 46
22 , 35 , 37 , 41 , 46 , 47
15 , 28 , 37 , 38 , 42 , 47
04 , 06 , 14 , 24 , 29 , 33
09 , 10 , 23 , 29 , 37 , 38
08 , 10 , 20 , 24 , 28 , 29
14 , 20 , 30 , 32 , 35 , 43
04 , 10 , 12 , 18 , 22 , 40
01 , 18 , 35 , 39 , 43 , 48
06 , 08 , 20 , 24 , 36 , 47
03 , 15 , 23 , 30 , 36 , 37
04 , 19 , 28 , 29 , 30 , 41
05 , 11 , 13 , 21 , 22 , 42
01 , 06 , 24 , 25 , 32 , 47
12 , 16 , 18 , 22 , 23 , 27
03 , 08 , 14 , 27 , 31 , 48
02 , 03 , 20 , 28 , 36 , 44
13 , 15 , 20 , 32 , 35 , 39
14 , 20 , 23 , 26 , 37 , 38
09 , 12 , 15 , 24 , 33 , 35
03 , 04 , 07 , 34 , 36 , 45
05 , 06 , 23 , 31 , 39 , 41
10 , 33 , 41 , 42 , 47 , 49
01 , 06 , 17 , 25 , 40 , 42
03 , 04 , 13 , 18 , 24 , 42
12 , 13 , 17 , 21 , 31 , 39
02 , 32 , 36 , 37 , 39 , 43
15 , 38 , 40 , 42 , 46 , 47
16 , 17 , 20 , 32 , 39 , 45
07 , 10 , 11 , 12 , 14 , 20
11 , 13 , 34 , 35 , 47 , 49
14 , 19 , 23 , 35 , 37 , 47
04 , 09 , 27 , 36 , 38 , 39
02 , 13 , 17 , 27 , 31 , 36
16 , 27 , 39 , 43 , 48 , 49
01 , 12 , 23 , 35 , 38 , 45
09 , 25 , 28 , 30 , 35 , 41
15 , 16 , 17 , 20 , 32 , 41
01 , 17 , 22 , 26 , 29 , 33
21 , 22 , 30 , 37 , 38 , 49
17 , 23 , 33 , 38 , 43 , 48
07 , 08 , 24 , 34 , 36 , 38
18 , 22 , 23 , 35 , 44 , 49
02 , 03 , 26 , 30 , 32 , 48
03 , 06 , 40 , 43 , 44 , 45
02 , 07 , 10 , 12 , 15 , 43
03 , 10 , 23 , 36 , 37 , 39
05 , 07 , 21 , 30 , 31 , 36
05 , 08 , 13 , 16 , 28 , 47
04 , 05 , 21 , 34 , 36 , 39
04 , 13 , 19 , 26 , 27 , 28
03 , 14 , 22 , 35 , 43 , 44
01 , 04 , 08 , 13 , 18 , 49
12 , 21 , 27 , 35 , 36 , 37
01 , 11 , 20 , 28 , 30 , 46
08 , 09 , 10 , 20 , 31 , 40
03 , 11 , 14 , 39 , 41 , 48
14 , 16 , 21 , 32 , 35 , 43
08 , 12 , 23 , 37 , 38 , 48
03 , 04 , 19 , 22 , 32 , 40
02 , 08 , 29 , 36 , 42 , 44
01 , 22 , 35 , 38 , 39 , 45
12 , 13 , 24 , 34 , 35 , 39
01 , 02 , 19 , 22 , 26 , 44
10 , 14 , 18 , 41 , 42 , 49
03 , 04 , 08 , 16 , 41 , 43
05 , 07 , 18 , 20 , 38 , 47
04 , 07 , 20 , 23 , 31 , 43
08 , 14 , 27 , 30 , 42 , 47
06 , 08 , 30 , 45 , 47 , 48
08 , 21 , 28 , 33 , 38 , 44
06 , 14 , 18 , 19 , 20 , 42
02 , 13 , 22 , 30 , 36 , 48
03 , 24 , 25 , 28 , 38 , 40
10 , 19 , 21 , 22 , 28 , 47
03 , 13 , 15 , 25 , 29 , 49
08 , 11 , 12 , 14 , 23 , 36
03 , 15 , 33 , 38 , 44 , 49
08 , 15 , 22 , 42 , 43 , 49
05 , 22 , 23 , 27 , 29 , 43
16 , 17 , 18 , 20 , 32 , 45
02 , 05 , 08 , 15 , 31 , 34
11 , 24 , 25 , 32 , 33 , 35
05 , 11 , 21 , 25 , 43 , 48
07 , 10 , 20 , 23 , 32 , 45
01 , 04 , 11 , 18 , 20 , 48
11 , 24 , 27 , 39 , 46 , 47
09 , 15 , 26 , 28 , 36 , 42
02 , 05 , 15 , 20 , 26 , 48
02 , 04 , 17 , 20 , 27 , 44
01 , 20 , 21 , 27 , 42 , 43
08 , 24 , 25 , 40 , 42 , 46
11 , 15 , 27 , 28 , 37 , 39
02 , 05 , 15 , 28 , 35 , 40
03 , 18 , 19 , 20 , 26 , 43
01 , 20 , 30 , 32 , 34 , 43
04 , 12 , 16 , 27 , 44 , 47
03 , 06 , 14 , 27 , 28 , 33
03 , 06 , 16 , 21 , 28 , 47
11 , 13 , 29 , 33 , 42 , 45
19 , 23 , 28 , 32 , 38 , 49
04 , 15 , 23 , 32 , 34 , 35
08 , 35 , 36 , 37 , 39 , 44
12 , 14 , 16 , 34 , 35 , 48
03 , 04 , 30 , 45 , 47 , 49
02 , 07 , 21 , 23 , 32 , 41
01 , 24 , 30 , 31 , 34 , 40
12 , 14 , 34 , 42 , 46 , 49
04 , 05 , 29 , 36 , 40 , 49
09 , 23 , 27 , 28 , 31 , 41
01 , 06 , 16 , 21 , 41 , 48
16 , 37 , 41 , 46 , 47 , 49
09 , 17 , 19 , 23 , 35 , 36
11 , 22 , 28 , 35 , 37 , 48
05 , 08 , 18 , 22 , 29 , 49
26 , 36 , 37 , 39 , 41 , 46
18 , 19 , 23 , 31 , 35 , 38
05 , 07 , 12 , 14 , 16 , 36
03 , 15 , 21 , 22 , 35 , 38
02 , 03 , 09 , 33 , 34 , 38
05 , 06 , 22 , 32 , 34 , 47
05 , 19 , 23 , 40 , 45 , 48
12 , 14 , 27 , 30 , 37 , 43
05 , 26 , 29 , 36 , 43 , 49
01 , 14 , 23 , 31 , 32 , 40
09 , 13 , 32 , 34 , 35 , 45
01 , 05 , 14 , 19 , 33 , 36
09 , 15 , 18 , 21 , 27 , 41
16 , 18 , 29 , 34 , 44 , 49
25 , 26 , 28 , 33 , 39 , 40
03 , 23 , 24 , 31 , 32 , 46
13 , 24 , 25 , 32 , 35 , 45
04 , 07 , 26 , 41 , 47 , 49
01 , 23 , 34 , 36 , 46 , 48
01 , 08 , 19 , 21 , 43 , 45
11 , 18 , 24 , 32 , 38 , 40
02 , 16 , 20 , 22 , 23 , 27
12 , 21 , 25 , 29 , 42 , 48
09 , 12 , 22 , 30 , 42 , 47
10 , 11 , 14 , 24 , 27 , 47
03 , 16 , 32 , 42 , 43 , 45
04 , 35 , 38 , 43 , 44 , 48
12 , 15 , 20 , 29 , 36 , 48
04 , 16 , 19 , 27 , 32 , 39
02 , 03 , 13 , 19 , 22 , 39
11 , 23 , 27 , 29 , 38 , 49
01 , 05 , 06 , 15 , 19 , 26
02 , 07 , 13 , 23 , 27 , 40
05 , 13 , 15 , 20 , 26 , 31
01 , 04 , 08 , 10 , 34 , 49
13 , 25 , 32 , 33 , 38 , 47
02 , 07 , 22 , 25 , 26 , 42
01 , 02 , 10 , 44 , 45 , 46
05 , 13 , 20 , 26 , 29 , 34
04 , 08 , 12 , 20 , 37 , 39
02 , 12 , 28 , 32 , 42 , 46
05 , 06 , 18 , 19 , 21 , 34
01 , 11 , 12 , 14 , 41 , 46
13 , 15 , 20 , 29 , 30 , 43
05 , 13 , 28 , 40 , 44 , 49
10 , 14 , 17 , 33 , 40 , 41
09 , 14 , 15 , 22 , 26 , 33
09 , 15 , 25 , 28 , 30 , 35
17 , 27 , 32 , 37 , 45 , 47
01 , 09 , 13 , 16 , 33 , 37
03 , 04 , 08 , 12 , 21 , 42
02 , 04 , 08 , 09 , 26 , 38
02 , 04 , 26 , 36 , 43 , 48
10 , 16 , 18 , 31 , 33 , 48
08 , 11 , 12 , 15 , 19 , 20
05 , 28 , 31 , 36 , 40 , 49
07 , 08 , 12 , 19 , 26 , 36
12 , 23 , 39 , 44 , 45 , 48
01 , 07 , 09 , 15 , 21 , 38
11 , 13 , 32 , 37 , 42 , 43
11 , 12 , 18 , 31 , 46 , 47
04 , 08 , 15 , 26 , 39 , 49
03 , 24 , 27 , 28 , 30 , 46
01 , 02 , 15 , 26 , 31 , 49
02 , 21 , 23 , 27 , 44 , 48
04 , 07 , 09 , 10 , 24 , 42
02 , 10 , 13 , 15 , 25 , 49
01 , 03 , 07 , 22 , 40 , 47
05 , 17 , 27 , 28 , 39 , 48
09 , 11 , 13 , 16 , 38 , 42
04 , 05 , 15 , 37 , 41 , 44
03 , 08 , 21 , 26 , 30 , 46
02 , 25 , 31 , 37 , 39 , 47
17 , 19 , 32 , 40 , 41 , 47
04 , 07 , 09 , 21 , 26 , 34
06 , 12 , 33 , 38 , 43 , 45
06 , 21 , 22 , 29 , 43 , 49
02 , 12 , 19 , 23 , 40 , 42
03 , 05 , 08 , 10 , 25 , 30
12 , 13 , 32 , 41 , 43 , 44
26 , 27 , 35 , 36 , 44 , 49
06 , 23 , 27 , 42 , 44 , 49
11 , 12 , 20 , 28 , 34 , 46
21 , 29 , 30 , 34 , 36 , 45
03 , 08 , 33 , 39 , 41 , 48
01 , 02 , 16 , 18 , 32 , 40
11 , 31 , 32 , 38 , 46 , 48
05 , 07 , 14 , 15 , 18 , 45
01 , 03 , 20 , 26 , 39 , 44
03 , 15 , 19 , 22 , 24 , 31
12 , 15 , 37 , 42 , 45 , 47
03 , 05 , 21 , 26 , 38 , 43
05 , 18 , 29 , 30 , 39 , 43
13 , 20 , 21 , 24 , 42 , 49
11 , 16 , 23 , 27 , 36 , 39
16 , 18 , 21 , 22 , 24 , 38
02 , 08 , 20 , 23 , 45 , 48
08 , 09 , 25 , 36 , 40 , 44
03 , 12 , 24 , 31 , 43 , 46
06 , 33 , 36 , 42 , 44 , 45
13 , 16 , 23 , 25 , 31 , 47
01 , 02 , 18 , 28 , 34 , 40
02 , 07 , 18 , 21 , 25 , 29
02 , 07 , 09 , 11 , 18 , 31
01 , 05 , 18 , 23 , 29 , 35
09 , 24 , 32 , 45 , 46 , 47
09 , 13 , 26 , 28 , 36 , 38
06 , 13 , 21 , 26 , 31 , 32
07 , 14 , 26 , 28 , 34 , 45
13 , 17 , 19 , 26 , 34 , 36
04 , 11 , 23 , 25 , 38 , 46
01 , 13 , 24 , 34 , 40 , 49
05 , 16 , 21 , 22 , 36 , 43
02 , 03 , 07 , 24 , 42 , 45
09 , 12 , 18 , 30 , 46 , 48
04 , 07 , 10 , 21 , 27 , 32
03 , 10 , 14 , 23 , 42 , 43
02 , 05 , 10 , 23 , 39 , 41
13 , 14 , 27 , 32 , 35 , 38
10 , 11 , 21 , 28 , 38 , 40
07 , 21 , 22 , 23 , 40 , 43
08 , 24 , 25 , 26 , 33 , 40
04 , 11 , 18 , 33 , 47 , 48
04 , 15 , 27 , 30 , 37 , 45
04 , 15 , 20 , 21 , 29 , 33
02 , 06 , 23 , 26 , 35 , 38
03 , 09 , 25 , 26 , 36 , 39
08 , 15 , 18 , 33 , 37 , 40
02 , 07 , 23 , 25 , 39 , 45
03 , 10 , 15 , 30 , 38 , 45
14 , 25 , 26 , 35 , 39 , 40
02 , 28 , 34 , 36 , 39 , 42
01 , 05 , 06 , 16 , 26 , 41
02 , 03 , 08 , 31 , 40 , 44
07 , 21 , 29 , 30 , 37 , 49
01 , 05 , 07 , 16 , 17 , 41
04 , 15 , 26 , 39 , 46 , 49
16 , 17 , 21 , 28 , 30 , 37
14 , 17 , 20 , 29 , 34 , 39
07 , 15 , 23 , 35 , 36 , 43
11 , 13 , 33 , 34 , 39 , 45
15 , 25 , 30 , 33 , 40 , 46
11 , 13 , 19 , 20 , 32 , 40
01 , 03 , 09 , 11 , 19 , 47
02 , 07 , 12 , 14 , 36 , 41
05 , 06 , 08 , 09 , 14 , 49
02 , 04 , 07 , 08 , 18 , 30
05 , 11 , 15 , 19 , 28 , 36
08 , 28 , 30 , 43 , 44 , 46
13 , 14 , 20 , 24 , 41 , 47
01 , 20 , 28 , 29 , 33 , 34
18 , 19 , 37 , 41 , 45 , 48
01 , 07 , 09 , 13 , 22 , 27
15 , 29 , 30 , 36 , 41 , 42
02 , 09 , 20 , 22 , 29 , 35
02 , 13 , 23 , 28 , 35 , 48
02 , 25 , 31 , 32 , 44 , 46
01 , 09 , 16 , 18 , 34 , 37
10 , 23 , 27 , 28 , 35 , 46
02 , 03 , 14 , 22 , 32 , 33
02 , 03 , 10 , 21 , 25 , 34
02 , 24 , 25 , 26 , 28 , 46
02 , 04 , 06 , 18 , 23 , 24
04 , 05 , 08 , 26 , 31 , 37
02 , 16 , 25 , 35 , 39 , 43
08 , 14 , 23 , 24 , 43 , 44
16 , 22 , 24 , 33 , 43 , 49
08 , 16 , 20 , 33 , 35 , 49
05 , 10 , 29 , 41 , 44 , 45
07 , 11 , 18 , 22 , 37 , 38
16 , 39 , 41 , 42 , 43 , 45
07 , 19 , 25 , 29 , 35 , 43
01 , 17 , 25 , 29 , 30 , 33
04 , 06 , 09 , 15 , 20 , 38
06 , 16 , 21 , 36 , 37 , 45
07 , 21 , 22 , 23 , 34 , 36
14 , 23 , 32 , 33 , 36 , 42
06 , 10 , 17 , 21 , 43 , 49
15 , 20 , 24 , 35 , 43 , 48
01 , 02 , 09 , 10 , 38 , 41
02 , 07 , 08 , 20 , 33 , 43
03 , 20 , 21 , 24 , 28 , 39
01 , 07 , 15 , 32 , 40 , 41
07 , 08 , 20 , 21 , 31 , 39
14 , 19 , 20 , 22 , 34 , 39
01 , 20 , 22 , 31 , 40 , 42
01 , 20 , 24 , 27 , 29 , 31
08 , 11 , 12 , 20 , 32 , 42
04 , 07 , 15 , 24 , 41 , 49
02 , 10 , 11 , 29 , 37 , 44
08 , 14 , 17 , 42 , 45 , 47
03 , 07 , 21 , 22 , 26 , 40
11 , 31 , 37 , 38 , 41 , 47
15 , 17 , 23 , 36 , 43 , 48
09 , 10 , 15 , 23 , 46 , 48
11 , 13 , 14 , 33 , 39 , 45
02 , 03 , 11 , 32 , 35 , 42
04 , 15 , 20 , 45 , 47 , 48
10 , 15 , 31 , 36 , 44 , 49
04 , 13 , 25 , 35 , 38 , 43
13 , 20 , 32 , 33 , 43 , 47
05 , 06 , 23 , 25 , 28 , 42
11 , 23 , 29 , 32 , 37 , 39
13 , 23 , 28 , 30 , 38 , 44
08 , 16 , 24 , 25 , 32 , 33
01 , 08 , 09 , 12 , 19 , 26
02 , 03 , 05 , 13 , 33 , 49
11 , 14 , 27 , 32 , 34 , 49
01 , 09 , 27 , 33 , 38 , 49
03 , 21 , 30 , 34 , 44 , 49
07 , 08 , 21 , 30 , 36 , 44
12 , 25 , 28 , 40 , 41 , 42
01 , 15 , 22 , 25 , 38 , 47
01 , 07 , 09 , 10 , 18 , 27
06 , 16 , 33 , 37 , 40 , 47
01 , 03 , 07 , 12 , 30 , 43
16 , 22 , 26 , 31 , 39 , 43
01 , 22 , 31 , 41 , 42 , 46
05 , 12 , 19 , 22 , 25 , 27
01 , 03 , 06 , 07 , 15 , 27
17 , 29 , 30 , 33 , 35 , 42
01 , 02 , 06 , 18 , 20 , 38
21 , 34 , 38 , 41 , 42 , 49
01 , 04 , 15 , 20 , 24 , 40
09 , 13 , 14 , 26 , 30 , 37
06 , 08 , 18 , 25 , 26 , 36
05 , 08 , 10 , 31 , 32 , 41
03 , 07 , 08 , 27 , 37 , 49
03 , 07 , 12 , 17 , 28 , 44
05 , 13 , 29 , 31 , 39 , 40
13 , 18 , 27 , 43 , 47 , 48
10 , 12 , 16 , 18 , 22 , 29
05 , 06 , 09 , 18 , 31 , 37
15 , 19 , 20 , 22 , 28 , 44
04 , 07 , 13 , 19 , 23 , 49
01 , 17 , 26 , 27 , 34 , 39
10 , 15 , 16 , 20 , 27 , 43
08 , 10 , 17 , 28 , 32 , 34
01 , 16 , 31 , 38 , 43 , 44
08 , 15 , 16 , 19 , 30 , 45
08 , 12 , 16 , 34 , 36 , 47
01 , 22 , 23 , 43 , 46 , 49
01 , 16 , 17 , 20 , 22 , 42
16 , 20 , 22 , 39 , 42 , 46
03 , 05 , 16 , 17 , 32 , 37
01 , 02 , 06 , 12 , 18 , 24
01 , 10 , 27 , 40 , 43 , 44
04 , 10 , 28 , 44 , 45 , 48
01 , 04 , 09 , 17 , 19 , 41
03 , 11 , 13 , 16 , 21 , 36
10 , 25 , 29 , 34 , 47 , 49
15 , 17 , 22 , 28 , 36 , 46
05 , 07 , 11 , 18 , 38 , 40
09 , 20 , 23 , 26 , 28 , 37
09 , 36 , 38 , 40 , 46 , 47
03 , 10 , 19 , 26 , 29 , 48
03 , 04 , 08 , 09 , 24 , 49
08 , 09 , 16 , 17 , 19 , 30
08 , 10 , 12 , 28 , 38 , 42
01 , 16 , 24 , 31 , 35 , 39
20 , 25 , 29 , 31 , 37 , 46
02 , 15 , 22 , 27 , 45 , 48
03 , 14 , 18 , 22 , 28 , 36
03 , 05 , 22 , 32 , 42 , 49
09 , 17 , 18 , 21 , 42 , 48
23 , 31 , 35 , 40 , 41 , 44
02 , 11 , 22 , 29 , 34 , 39
04 , 06 , 07 , 12 , 25 , 47
16 , 24 , 25 , 38 , 42 , 46
02 , 12 , 31 , 35 , 43 , 47
02 , 05 , 12 , 25 , 26 , 38
11 , 22 , 27 , 29 , 35 , 40
01 , 05 , 18 , 25 , 35 , 41
02 , 12 , 15 , 27 , 38 , 40
01 , 06 , 07 , 25 , 39 , 41
13 , 21 , 32 , 39 , 42 , 46
01 , 07 , 12 , 22 , 29 , 31
02 , 05 , 10 , 19 , 23 , 25
15 , 29 , 37 , 39 , 48 , 49
05 , 10 , 13 , 18 , 34 , 35
02 , 29 , 34 , 40 , 44 , 45
09 , 12 , 23 , 36 , 44 , 48
01 , 05 , 09 , 21 , 24 , 49
09 , 23 , 26 , 28 , 29 , 44
18 , 24 , 37 , 38 , 43 , 47
13 , 32 , 35 , 39 , 41 , 42
20 , 28 , 33 , 41 , 43 , 45
11 , 17 , 28 , 34 , 36 , 46
03 , 05 , 20 , 38 , 39 , 44
01 , 02 , 11 , 26 , 28 , 46
01 , 16 , 23 , 25 , 36 , 47
07 , 08 , 11 , 25 , 34 , 43
10 , 15 , 18 , 43 , 45 , 48
02 , 11 , 13 , 25 , 34 , 36
01 , 18 , 30 , 32 , 41 , 48
11 , 12 , 27 , 41 , 43 , 46
13 , 31 , 35 , 40 , 47 , 48
10 , 13 , 21 , 26 , 29 , 47
01 , 16 , 27 , 28 , 41 , 46
06 , 22 , 34 , 38 , 40 , 44
21 , 24 , 28 , 34 , 45 , 49
09 , 10 , 29 , 32 , 38 , 42
08 , 20 , 22 , 25 , 38 , 40
09 , 15 , 16 , 19 , 44 , 49
08 , 31 , 40 , 44 , 45 , 48
05 , 15 , 23 , 28 , 31 , 33
02 , 04 , 06 , 20 , 42 , 47
10 , 18 , 22 , 34 , 35 , 37
04 , 10 , 39 , 43 , 45 , 49
14 , 31 , 33 , 40 , 45 , 46
04 , 11 , 21 , 39 , 42 , 43
05 , 06 , 17 , 19 , 20 , 32
14 , 15 , 25 , 37 , 47 , 49
28 , 35 , 36 , 38 , 43 , 49
04 , 13 , 22 , 24 , 26 , 41
12 , 14 , 20 , 21 , 23 , 31
02 , 15 , 16 , 31 , 33 , 46
12 , 15 , 24 , 32 , 39 , 49
06 , 22 , 36 , 39 , 48 , 49
05 , 13 , 25 , 30 , 39 , 48
01 , 13 , 19 , 33 , 38 , 45
18 , 19 , 27 , 34 , 44 , 48
02 , 08 , 25 , 39 , 43 , 46
07 , 28 , 30 , 41 , 45 , 48
12 , 16 , 26 , 32 , 41 , 48
07 , 08 , 10 , 12 , 47 , 48
06 , 18 , 26 , 39 , 42 , 45
08 , 13 , 18 , 26 , 34 , 36
06 , 07 , 15 , 31 , 36 , 44
06 , 26 , 27 , 44 , 45 , 46
13 , 28 , 33 , 38 , 43 , 48
10 , 16 , 26 , 28 , 31 , 33
26 , 28 , 35 , 39 , 44 , 45
12 , 19 , 23 , 42 , 44 , 48
13 , 21 , 23 , 27 , 31 , 49
01 , 04 , 07 , 08 , 25 , 31
06 , 13 , 24 , 31 , 32 , 49
16 , 32 , 42 , 45 , 46 , 49
12 , 19 , 30 , 32 , 34 , 36
02 , 04 , 08 , 27 , 33 , 48
16 , 18 , 37 , 38 , 45 , 46
05 , 27 , 28 , 30 , 35 , 42
14 , 26 , 28 , 35 , 41 , 45
03 , 06 , 07 , 14 , 16 , 43
14 , 19 , 31 , 37 , 42 , 45
01 , 23 , 34 , 37 , 43 , 45
06 , 07 , 11 , 19 , 47 , 48
02 , 17 , 28 , 29 , 38 , 49
05 , 17 , 29 , 34 , 38 , 47
12 , 14 , 20 , 22 , 37 , 40
05 , 18 , 20 , 33 , 38 , 40
06 , 30 , 34 , 45 , 46 , 48
06 , 08 , 29 , 39 , 46 , 49
05 , 07 , 11 , 19 , 36 , 42
01 , 04 , 05 , 15 , 18 , 42
09 , 10 , 12 , 25 , 33 , 38
08 , 13 , 16 , 41 , 43 , 46
09 , 17 , 23 , 26 , 30 , 41
01 , 17 , 21 , 35 , 36 , 46
07 , 15 , 20 , 32 , 36 , 44
06 , 07 , 23 , 31 , 33 , 36
08 , 19 , 30 , 33 , 37 , 43
02 , 06 , 08 , 25 , 30 , 45
06 , 13 , 20 , 21 , 33 , 40
01 , 09 , 21 , 39 , 40 , 41
01 , 10 , 37 , 39 , 43 , 44
02 , 08 , 11 , 14 , 15 , 21
11 , 12 , 15 , 28 , 43 , 48
02 , 05 , 27 , 30 , 33 , 48
05 , 06 , 25 , 33 , 38 , 49
17 , 24 , 34 , 38 , 42 , 49
10 , 11 , 14 , 17 , 24 , 45
16 , 20 , 24 , 30 , 38 , 40
18 , 23 , 25 , 28 , 35 , 36
06 , 10 , 19 , 27 , 32 , 41
03 , 09 , 16 , 40 , 43 , 48
04 , 08 , 12 , 20 , 22 , 39
03 , 20 , 21 , 42 , 44 , 46
12 , 28 , 29 , 35 , 37 , 42
04 , 36 , 37 , 42 , 45 , 46
14 , 16 , 25 , 27 , 42 , 49
07 , 30 , 37 , 41 , 43 , 49
11 , 20 , 31 , 34 , 36 , 38
06 , 16 , 24 , 34 , 42 , 43
01 , 06 , 09 , 16 , 42 , 44
14 , 23 , 24 , 41 , 44 , 47
08 , 09 , 14 , 19 , 20 , 33
11 , 15 , 17 , 21 , 23 , 31
01 , 20 , 29 , 30 , 35 , 39
01 , 18 , 31 , 39 , 41 , 47
03 , 08 , 14 , 18 , 19 , 43
01 , 25 , 35 , 37 , 44 , 46
08 , 11 , 12 , 32 , 38 , 45
03 , 04 , 15 , 23 , 26 , 47
04 , 12 , 15 , 37 , 41 , 42
04 , 11 , 34 , 35 , 45 , 48
02 , 09 , 15 , 16 , 22 , 49
01 , 15 , 20 , 37 , 47 , 48
11 , 20 , 31 , 38 , 42 , 46
01 , 23 , 28 , 46 , 47 , 49
08 , 20 , 35 , 36 , 45 , 46
02 , 12 , 19 , 26 , 34 , 46
05 , 08 , 18 , 26 , 38 , 42
02 , 03 , 19 , 26 , 27 , 41
03 , 16 , 24 , 25 , 40 , 43
09 , 12 , 30 , 33 , 42 , 49
03 , 09 , 19 , 40 , 44 , 49
09 , 13 , 15 , 27 , 34 , 42
04 , 06 , 14 , 16 , 20 , 41
01 , 23 , 25 , 37 , 39 , 45
08 , 10 , 16 , 22 , 37 , 38
05 , 23 , 36 , 38 , 40 , 42
06 , 10 , 11 , 32 , 34 , 39
12 , 17 , 26 , 31 , 35 , 48
05 , 08 , 09 , 15 , 29 , 45
07 , 23 , 28 , 29 , 38 , 46
12 , 28 , 30 , 40 , 47 , 49
03 , 09 , 18 , 42 , 45 , 46
04 , 21 , 25 , 35 , 39 , 42
06 , 13 , 15 , 17 , 18 , 22
05 , 07 , 09 , 15 , 31 , 34
05 , 08 , 24 , 31 , 32 , 39
09 , 17 , 18 , 27 , 36 , 42
07 , 12 , 16 , 17 , 19 , 33
02 , 14 , 18 , 21 , 37 , 43
05 , 06 , 18 , 23 , 26 , 29
03 , 15 , 21 , 23 , 36 , 49
12 , 21 , 34 , 37 , 38 , 39
11 , 15 , 18 , 25 , 29 , 49
02 , 08 , 12 , 20 , 26 , 33
04 , 05 , 13 , 26 , 32 , 42
10 , 29 , 30 , 32 , 43 , 47
01 , 11 , 16 , 21 , 23 , 40
03 , 11 , 18 , 20 , 21 , 26
04 , 12 , 15 , 19 , 26 , 31
07 , 11 , 22 , 24 , 28 , 30
08 , 20 , 22 , 39 , 45 , 46
18 , 23 , 26 , 38 , 39 , 48
06 , 15 , 22 , 25 , 35 , 41
06 , 07 , 10 , 13 , 31 , 39
01 , 02 , 07 , 08 , 27 , 45
12 , 22 , 24 , 26 , 27 , 47
03 , 20 , 21 , 22 , 26 , 27
07 , 16 , 32 , 39 , 45 , 49
26 , 28 , 29 , 30 , 36 , 37
13 , 18 , 26 , 28 , 35 , 48
25 , 31 , 34 , 40 , 41 , 47
07 , 30 , 38 , 39 , 40 , 43
02 , 14 , 23 , 25 , 26 , 40
09 , 11 , 30 , 41 , 47 , 49
07 , 13 , 23 , 33 , 34 , 42
02 , 03 , 04 , 17 , 27 , 39
02 , 13 , 29 , 39 , 44 , 49
04 , 07 , 19 , 30 , 36 , 46
16 , 17 , 23 , 32 , 42 , 48
06 , 08 , 17 , 19 , 30 , 47
05 , 10 , 22 , 26 , 31 , 48
06 , 08 , 23 , 26 , 28 , 36
07 , 08 , 17 , 22 , 27 , 44
11 , 13 , 14 , 21 , 42 , 47
27 , 30 , 35 , 39 , 43 , 47
03 , 11 , 26 , 43 , 46 , 48
06 , 11 , 23 , 29 , 45 , 49
02 , 08 , 24 , 28 , 31 , 48
03 , 15 , 16 , 25 , 40 , 48
01 , 08 , 19 , 23 , 38 , 40
04 , 18 , 26 , 37 , 41 , 44
02 , 11 , 35 , 37 , 48 , 49
03 , 26 , 29 , 38 , 43 , 45
04 , 15 , 23 , 41 , 44 , 45
04 , 24 , 28 , 30 , 35 , 39
03 , 10 , 11 , 36 , 37 , 45
05 , 08 , 22 , 26 , 27 , 44
06 , 12 , 20 , 43 , 47 , 48
09 , 10 , 36 , 40 , 42 , 43
02 , 04 , 06 , 21 , 25 , 46
17 , 18 , 23 , 24 , 25 , 28
03 , 08 , 11 , 36 , 38 , 49
13 , 15 , 33 , 37 , 38 , 41
09 , 20 , 22 , 31 , 45 , 46
24 , 28 , 37 , 38 , 43 , 45
09 , 20 , 26 , 29 , 40 , 41
02 , 13 , 16 , 36 , 44 , 47
09 , 14 , 24 , 27 , 37 , 41
05 , 12 , 25 , 27 , 41 , 44
11 , 22 , 26 , 28 , 33 , 37
07 , 11 , 13 , 25 , 30 , 40
03 , 22 , 31 , 43 , 46 , 47
01 , 11 , 14 , 18 , 35 , 43
06 , 12 , 21 , 27 , 36 , 48
02 , 15 , 17 , 31 , 32 , 38
02 , 04 , 05 , 09 , 35 , 45
10 , 17 , 22 , 37 , 43 , 49
04 , 10 , 18 , 34 , 40 , 43
04 , 20 , 22 , 28 , 47 , 48
08 , 12 , 16 , 25 , 28 , 45
09 , 14 , 25 , 31 , 36 , 46
04 , 06 , 13 , 22 , 30 , 44
03 , 04 , 09 , 10 , 28 , 45
04 , 15 , 21 , 30 , 41 , 46
04 , 08 , 11 , 15 , 16 , 25
03 , 09 , 16 , 18 , 41 , 48
02 , 08 , 09 , 10 , 21 , 31
02 , 04 , 14 , 24 , 27 , 46
01 , 06 , 11 , 37 , 41 , 44
15 , 28 , 29 , 31 , 32 , 47
01 , 02 , 07 , 09 , 16 , 29
05 , 14 , 18 , 34 , 44 , 47
01 , 03 , 29 , 35 , 43 , 47
04 , 05 , 15 , 20 , 29 , 39
01 , 16 , 25 , 34 , 36 , 38
04 , 05 , 22 , 33 , 36 , 43
11 , 20 , 40 , 41 , 45 , 49
18 , 20 , 25 , 36 , 48 , 49
02 , 06 , 09 , 24 , 27 , 45
05 , 15 , 23 , 29 , 31 , 44
05 , 15 , 28 , 29 , 33 , 40
20 , 22 , 28 , 38 , 41 , 47
01 , 02 , 09 , 25 , 28 , 44
07 , 10 , 23 , 44 , 45 , 47
02 , 05 , 06 , 19 , 38 , 45
07 , 10 , 12 , 22 , 30 , 34
05 , 12 , 19 , 21 , 33 , 42
01 , 03 , 16 , 31 , 42 , 48
01 , 06 , 16 , 34 , 36 , 40
25 , 28 , 31 , 32 , 34 , 36
14 , 21 , 25 , 27 , 43 , 47
02 , 04 , 36 , 41 , 42 , 48
06 , 11 , 21 , 22 , 35 , 41
12 , 14 , 21 , 23 , 25 , 30
05 , 07 , 24 , 26 , 30 , 47
19 , 26 , 28 , 33 , 38 , 46
11 , 31 , 41 , 44 , 47 , 49
07 , 08 , 19 , 30 , 43 , 48
02 , 17 , 31 , 35 , 37 , 46
03 , 25 , 39 , 44 , 45 , 48
14 , 17 , 30 , 31 , 36 , 47
01 , 23 , 26 , 27 , 33 , 41
07 , 14 , 16 , 38 , 45 , 49
01 , 02 , 15 , 21 , 31 , 35
01 , 03 , 14 , 17 , 36 , 49
06 , 23 , 39 , 45 , 46 , 47
05 , 10 , 27 , 37 , 39 , 46
03 , 18 , 33 , 34 , 43 , 45
01 , 08 , 16 , 22 , 24 , 30
03 , 05 , 18 , 23 , 40 , 45
03 , 04 , 13 , 26 , 39 , 42
02 , 12 , 18 , 22 , 34 , 36
05 , 15 , 24 , 37 , 38 , 39
16 , 28 , 35 , 44 , 46 , 48
02 , 08 , 11 , 12 , 26 , 35
05 , 16 , 23 , 28 , 38 , 47
04 , 12 , 23 , 30 , 35 , 48
03 , 04 , 09 , 10 , 27 , 31
02 , 14 , 27 , 28 , 44 , 49
07 , 11 , 20 , 38 , 39 , 45
08 , 11 , 14 , 17 , 23 , 33
09 , 12 , 17 , 28 , 40 , 43
12 , 24 , 25 , 27 , 34 , 36
23 , 26 , 31 , 33 , 36 , 38
01 , 10 , 25 , 28 , 38 , 49
10 , 12 , 13 , 24 , 31 , 40
06 , 13 , 30 , 34 , 38 , 44
03 , 10 , 20 , 21 , 24 , 48
10 , 21 , 23 , 25 , 38 , 42
04 , 23 , 36 , 39 , 45 , 47
01 , 07 , 10 , 32 , 42 , 45
03 , 06 , 19 , 22 , 31 , 32
12 , 15 , 21 , 23 , 25 , 35
07 , 13 , 15 , 20 , 22 , 47
26 , 27 , 40 , 41 , 42 , 43
01 , 15 , 16 , 33 , 35 , 48
05 , 06 , 08 , 09 , 10 , 43
07 , 19 , 26 , 37 , 38 , 46
08 , 10 , 11 , 21 , 23 , 44
07 , 13 , 14 , 20 , 21 , 49
12 , 25 , 26 , 31 , 36 , 42
09 , 16 , 18 , 32 , 41 , 47
04 , 22 , 28 , 29 , 44 , 47
14 , 31 , 34 , 37 , 42 , 48
13 , 29 , 31 , 38 , 45 , 46
10 , 22 , 31 , 32 , 41 , 48
05 , 06 , 11 , 16 , 19 , 42
11 , 16 , 27 , 33 , 34 , 40
05 , 17 , 19 , 26 , 28 , 43
13 , 14 , 21 , 24 , 27 , 30
03 , 11 , 19 , 21 , 40 , 42
20 , 31 , 33 , 40 , 42 , 46
01 , 15 , 28 , 38 , 41 , 42
11 , 15 , 24 , 27 , 37 , 46
02 , 03 , 07 , 26 , 30 , 49
02 , 05 , 32 , 38 , 42 , 49
03 , 04 , 08 , 25 , 36 , 42
04 , 05 , 07 , 13 , 24 , 30
07 , 19 , 27 , 31 , 42 , 46
06 , 10 , 11 , 16 , 29 , 44
12 , 17 , 19 , 22 , 27 , 42
11 , 17 , 29 , 36 , 44 , 49
06 , 09 , 11 , 17 , 22 , 36
05 , 11 , 30 , 34 , 44 , 48
05 , 12 , 41 , 43 , 45 , 46
02 , 10 , 16 , 22 , 30 , 33
06 , 15 , 25 , 37 , 41 , 49
01 , 04 , 31 , 32 , 34 , 35
01 , 17 , 30 , 31 , 32 , 45
06 , 22 , 27 , 34 , 42 , 44
01 , 16 , 17 , 30 , 36 , 49
06 , 28 , 30 , 34 , 43 , 46
02 , 04 , 18 , 20 , 32 , 49
04 , 10 , 11 , 14 , 32 , 36
03 , 04 , 10 , 23 , 25 , 26
06 , 27 , 40 , 44 , 45 , 47
03 , 09 , 13 , 28 , 40 , 48
01 , 10 , 13 , 33 , 34 , 46
22 , 25 , 29 , 31 , 34 , 46
03 , 11 , 19 , 20 , 22 , 28
13 , 17 , 19 , 26 , 39 , 45
13 , 14 , 20 , 30 , 37 , 45
24 , 25 , 26 , 30 , 36 , 48
05 , 14 , 26 , 38 , 41 , 43
16 , 24 , 25 , 26 , 39 , 44
03 , 07 , 42 , 45 , 46 , 49
11 , 13 , 15 , 21 , 35 , 38
11 , 17 , 21 , 36 , 43 , 49
02 , 12 , 14 , 30 , 41 , 46
06 , 16 , 20 , 25 , 33 , 46
01 , 02 , 07 , 26 , 38 , 43
08 , 14 , 21 , 22 , 30 , 31
08 , 12 , 17 , 18 , 19 , 34
12 , 15 , 22 , 23 , 41 , 48
01 , 11 , 17 , 25 , 41 , 45
08 , 12 , 23 , 24 , 45 , 46
03 , 06 , 17 , 23 , 28 , 32
04 , 21 , 25 , 32 , 37 , 43
07 , 13 , 18 , 19 , 25 , 37
01 , 02 , 26 , 31 , 39 , 40
14 , 17 , 20 , 25 , 43 , 48
17 , 22 , 26 , 29 , 37 , 43
04 , 06 , 11 , 22 , 42 , 48
22 , 29 , 34 , 36 , 44 , 46
02 , 06 , 13 , 34 , 40 , 44
13 , 28 , 29 , 32 , 33 , 34
14 , 15 , 20 , 29 , 32 , 39
18 , 19 , 28 , 29 , 30 , 34
02 , 04 , 25 , 26 , 34 , 43
16 , 21 , 27 , 30 , 31 , 47
06 , 09 , 12 , 13 , 33 , 39